theta_rad=0.5163751416746187
theta_deg=29.586116263425602
M=-11.290362830035516
X=55.016506591004244
